10127
10128
10129
10130
10131
10132
10133
10150
10152
10165
10166
10168
10169
10170
10171
10172
10173
10174
10175
10176
10178
10179
10145
9105
9106
9107
9108
9109
9110
9111
9112
9115
9116
9117
9118
9119
9120
9125
9126
9127
9128
9145
9146
9149
9150
9151
9153
9154
9158
9163
9165
9166
9170
9171
9172
9173
9200
9201
9220
9221
9222
9223
9238
9239
9261
9262
9263
9264
9265
9266
9267
9268
7845
7846
7847
7848
7849
7850
7851
7852
7855
7856
7857
7858
7859
7860
7865
7866
7867
7868
7885
7886
7889
7890
7891
7893
7894
7898
7903
7905
7906
7910
7911
7912
7913
7940
7941
7960
7961
7962
7963
7978
7979
8001
8002
8003
8004
8005
8006
8007
8008
6585
6586
6587
6588
6589
6590
6591
6592
6595
6596
6597
6598
6599
6600
6605
6606
6607
6608
6625
6626
6629
6630
6631
6633
6634
6638
6643
6645
6646
6650
6651
6652
6653
6680
6681
6700
6701
6702
6703
6718
6719
6741
6742
6743
6744
6745
6746
6747
6748
5325
5326
5327
5328
5329
5330
5331
5332
5335
5336
5337
5338
5339
5340
5345
5346
5347
5348
5365
5366
5369
5370
5371
5373
5374
5378
5383
5385
5386
5390
5391
5392
5393
5420
5421
5440
5441
5442
5443
5458
5459
5481
5482
5483
5484
5485
5486
5487
5488
